100
3 1 4
1100
1010
0000
1000
2 4 4
1111
1111
1111
0111
1011
1101
10 10 5
01000
10101
00101
10011
00111
00011
10001
01011
10001
01001
01011
01000
10011
11000
00111
10101
00101
00011
01001
10001
10 10 10
1000101001
1000101011
1000101111
1010010010
0000101101
0000000000
0100000000
0100010000
1010010000
1000101101
1010010000
0000000000
1000101011
1010010010
0000101101
1000101001
0100000000
0100010000
1000101101
1000101111
10 10 9
100110001
100111001
100010001
110110000
110110001
100111001
100010011
000111001
011110011
100010011
110110001
000110001
100010011
100111001
100110001
100010001
101110001
011110011
000111001
110110000
10 10 6
100111
100111
001111
110110
010000
101011
100000
111101
101101
000001
101011
000001
101101
000111
001111
111101
100111
010000
110110
100000
10 10 6
011000
011110
000101
001110
101100
001011
100010
101101
100100
011111
000101
001110
100100
101101
011110
011000
100010
101100
011111
001011
10 10 9
011101001
101111100
101111010
101010100
101110100
111000000
101111110
011001001
110000000
110001000
101010100
111000000
101110100
101111100
110001000
011101001
101111010
011001001
110000000
101111110
10 10 10
1000011111
1110111011
0110111011
0111111011
0110110011
1111111011
0110110010
0110111111
0111111011
1110111011
0110110011
0110110010
0110111011
0111111011
1000011111
0110111111
0000011111
1110111011
1100011111
1111111011
10 10 10
0010100101
1110001100
0000101011
1101101100
1100001111
0101101011
0100100110
1000001101
1000001000
0110110001
1000110010
0100011110
1100111110
0101100011
0011010110
1111111010
0010110000
0011101001
0111100111
1000100000
10 10 7
1000111
1001011
0101101
0100111
1010100
1110011
0101110
0001011
1100011
0000011
1001011
0001011
1110011
1100011
0100111
0000011
1000111
0101101
0101110
1010100
10 10 10
0000110101
0000110101
0000110101
0000110101
0000110101
0000110101
0000110101
0000110101
0000110101
0000110101
0111011100
1101010111
1010100100
1010110101
1010101110
0100111101
0010101001
0110010010
0110101101
1101111110
10 10 10
0010011100
0001110011
0010111100
1100010101
1111111000
0100010111
0000010010
1110001001
0010010010
1000100001
0000010010
0010010010
0010011100
0001110011
0100010111
1111111000
1100010101
0010111100
1000100001
1110001001
10 10 10
0100001111
0000011010
0011010011
1001001001
0100010110
1100011010
1010011000
1010111110
1010010100
0011000001
0100010110
1001001001
1010010100
0000011010
1010111110
0011000001
1100011010
1010011000
0100001111
0011010011
10 1 1
1
0
1
1
1
0
0
1
0
0
1
8 9 10
1000000000
1001111100
0010010100
0000000101
1101000100
1110111010
1011000010
0001111111
1111111101
1110010111
0100111111
0011001010
1110001010
0111110101
1001101100
1100100000
1101000011
10 10 10
1001001100
0011000110
1011001100
1011101100
0011001100
1001101100
1010001100
0011001110
0111001110
0111001010
1010001100
1001101100
0111001010
0011000110
0011001100
0111001110
0011001110
1011101100
1001001100
1011001100
6 4 10
0010101101
0001011011
0000000010
0111010100
1101000111
1100011011
1111100001
0110011100
0011011100
1101010110
10 10 7
0111000
0110110
0001010
0010100
0011011
0100110
1110000
1000100
1010101
0000100
0110110
1000100
1010101
0001010
0111000
0000100
1110000
0010100
0100110
0011011
10 10 9
000001001
101100000
101100101
100000001
100001000
100001001
101101001
101100001
111100000
010010010
101100000
101101001
100000001
111100000
101100001
100001001
100001000
101100101
010010010
000001001
10 10 6
011010
010010
010000
010101
110010
010001
011010
110101
010101
010010
011010
011110
110101
010101
001010
010001
110010
010010
111010
010000
10 10 4
1100
1100
1100
1100
1100
1100
1100
1100
1100
1100
0100
1100
0000
0101
1001
1010
1000
1101
0110
1110
10 10 4
1111
0000
1110
1100
0101
0000
1000
1111
0011
0000
1000
0000
1101
1110
0011
1100
1011
1111
0111
0101
10 10 5
11011
11101
11111
01101
11111
01111
11101
11110
01111
01100
11011
01101
11001
11101
11111
01011
01100
10011
01111
11110
10 10 5
10010
10010
00010
00000
10010
00010
00111
00011
10010
00010
00010
10011
00111
01010
11010
10010
00011
10110
10000
00000
10 10 9
010001101
011000101
101001010
010011000
010001000
000101000
010101010
000001000
010101000
011001101
000001000
011001101
000101000
010001101
010001000
101001010
011000101
010101010
010011000
010101000
10 10 6
100101
000101
100011
100001
100001
100101
000001
100011
100001
000001
000001
100111
100100
110101
100001
100101
010101
101101
100011
000101
1 10 10
0101101010
0001000110
0001010110
1101101111
0000011011
1110011000
0010010101
0010010000
1111001101
0000000001
1101000011
10 3 2
11
10
11
00
00
10
01
00
10
10
11
10
00
10 9 4
1001
0101
0100
0001
1001
0100
0110
1000
1110
1000
0111
1010
1110
0110
0010
1000
1011
1101
1100
1 1 4
0000
0000
10 3 2
11
01
01
01
01
00
11
00
10
00
11
00
01
4 10 10
1101000010
1001101111
1011000110
0011101010
0100111100
1110111011
0111000010
0110011111
1011011011
1110100011
1100100110
1000101001
0111101001
0011011001
10 10 9
101011001
111111011
111101011
111010011
111110011
111110011
101111011
111011001
111010001
111011011
101111011
111111011
101011001
111110011
111101011
111011011
111011001
111010011
001011001
111010001
6 10 10
1101001110
0011111000
0100010110
0010001110
1110100010
1011101101
0011001111
0100111100
1000011000
0101111101
1100110101
1100001100
0100111010
1000111110
1001011001
0100101110
10 10 6
010100
010100
010100
010100
110100
010100
010100
010100
010100
010100
010110
010000
011100
110000
000100
111100
100100
010100
110100
010101
10 10 9
100111111
000010111
011111100
000111111
001010001
001110010
111101100
100011111
010001100
101101100
111101100
101101100
100011111
001110010
100111111
000010111
010001100
011111100
001010001
000111111
10 10 8
00011000
11111111
11100010
00000010
01010110
10010111
01000000
00010100
10001001
11001011
00010100
01010110
10010111
00000010
11111111
01000000
11001011
00011000
11100010
10001001
10 10 8
01000000
10101010
10110000
01101011
01101100
01000110
01010001
01110000
11001110
11111000
01110000
01000110
10101010
01101011
10110000
01000000
01010001
01101100
11001110
11111000
10 4 10
1011001000
1011111000
0011011000
0001001000
1110110000
1100001001
0101000010
0010101100
0101101001
0010100010
1100101100
1000000100
0011000100
1110100111
10 10 8
01110010
01110010
01110010
01010010
01110110
01110110
01110011
00110010
01110001
01110011
11110010
00110010
01100010
01110110
01010010
01110011
01110010
01111010
01110000
01110001
10 8 10
1000001100
0110111100
1011110000
1101011101
1111001110
0010011000
1011001111
0101100010
0101101100
0000001100
0011011100
1001100010
0000010010
0100110101
0011110101
1110111110
0110000000
1010110111
10 10 7
0001011
0001110
0001010
0101010
0001010
0011010
0011010
0111010
0101010
0000010
1001011
0111010
0001011
0011011
0101011
0101010
0011010
0001010
0001110
0000010
10 10 4
0111
0110
0110
0101
0001
1110
0111
1111
1111
0111
1111
0101
0001
1110
0110
0010
0100
0011
1101
0111
10 3 2
01
01
10
00
00
10
11
00
01
10
00
01
10
10 10 8
00001101
11101111
10100101
01010001
11111011
10111110
11100010
11010111
01111001
11101000
10100101
01010001
11010111
01111001
11111011
10111110
11101000
11100010
00001101
11101111
1 10 10
1100000010
0101101110
0010110100
1001010000
1101111001
1100101010
0100100011
0101010110
1100000010
1111101110
0001101111
10 10 9
000001011
000101000
010100001
110011010
101111101
001010101
100101011
110000100
101100101
000010000
010100001
101100101
110000100
110011010
101111101
000001011
000010000
100101011
000101000
001010101
1 1 1
1
1
10 10 4
0100
0011
0110
1101
0111
0110
1101
0101
0111
0110
0000
1101
1100
0110
1011
0111
0001
0011
0101
0100
10 10 6
110000
100110
110010
101000
010010
001001
100110
010110
100100
111110
100100
001001
101000
111110
010110
110000
010010
110010
100110
010000
10 10 10
1101100001
1101000000
1101000001
1101001001
1101000001
0100000001
0101001001
0100011010
0101000001
1101000001
1101001001
0101000001
0101100001
1101100001
0101001001
0100000001
0100011010
1101000001
1101000000
1001100001
10 10 7
1000111
1000101
1010101
1000111
1000111
1000101
1100111
1110101
1000111
0011111
1000101
0011111
1100111
1110101
0000111
1000011
1010111
1001111
1000111
1010101
10 10 9
110101110
110010111
100010000
100100110
010100100
000010111
111101000
110000010
010101110
011100111
100010000
110101110
010101110
111101000
000010111
011100111
110000010
110010111
100100110
010100100
6 5 8
01111000
11111010
11101100
11111111
00101100
00110010
10001101
11011000
11001001
00111010
00000100
10 10 8
11001010
01000100
01000100
01100100
10101010
11101010
10000000
01001010
10000100
00100100
01100100
10001010
11001010
01000100
10000100
10101010
01001010
00100100
11101010
10000000
10 10 6
100100
111111
110101
111001
011001
111001
001111
111100
111100
001000
110100
111111
110101
100100
011001
000100
001000
001111
111001
111100
10 10 8
01101000
01100101
01010011
11111111
11111000
11111000
10111101
00011111
00100010
01110100
00100010
00011111
11111000
10111101
01101000
11111111
01100101
01110100
11101000
01010011
10 10 10
1101000011
1101000010
1101100011
1010101001
1101100011
1010101101
1101000010
1101100011
1101000011
1101100011
1110001111
0010010010
1011110011
1100010011
1000110001
0111101010
1001010001
1110110000
0110011111
0110110111
10 10 10
1111100111
1110110101
1111110101
1011000001
1111100001
1111100101
1111100101
1011100001
0011100001
1111111101
1110110101
1011000001
1111110101
0011100001
1111100111
1111100101
1011100001
1111111101
1111100001
0111100111
10 10 8
11010011
10010110
10001001
00101110
10000011
10111101
00111010
11110110
01110100
00010111
01110100
11010011
10000011
10111101
00111010
10001001
11110110
00101110
10010110
00010111
10 10 5
10011
10010
00010
10001
10011
10010
10011
10010
10001
10000
00011
10110
11011
11010
10001
10011
10010
00010
10111
10000
10 10 10
0011001110
0110010111
0011001110
0011001110
0110010011
0011001110
0010001110
0110010011
0011001110
0011001110
0011101110
0001001110
0011011110
0010001110
0111001110
1011001110
0110010011
0011000110
0110010111
0011001110
10 10 9
011001011
011001011
011001011
011001011
011001011
011001011
011001011
011001011
011001011
011001011
011001111
001001011
111001011
011011011
011000011
011101011
010001011
011001010
011001011
011001001
10 10 8
11111101
11111100
01111101
10111101
00111101
11111101
10111101
11111100
01111101
11011101
00111101
11111111
11101101
01111101
11111100
11111001
11111101
11110101
11011101
10111101
7 10 8
00100011
10011011
10111001
11010110
11100011
00010101
01010110
00000101
10011111
11000011
00001101
01010111
10010110
01011101
11111100
11101100
10101010
10 10 6
101010
100110
011001
010010
000000
010010
010101
101011
010111
100100
010101
100110
000000
010111
101011
011001
100100
010010
001010
101010
10 10 6
111111
100010
111000
000101
100000
111011
001111
111111
000001
000110
000101
001111
011111
000001
111111
100000
111000
100010
000110
111011
1 10 10
0001001100
0110010000
1110110001
1100010110
1000111101
0001001100
1011101110
0001010101
1000101001
1010110110
1000101011
2 4 6
011001
010001
101011
111111
011001
010001
10 10 4
0000
0100
0000
0100
0000
0000
0100
1000
1000
0000
1000
1010
0000
0100
0010
0001
1100
1001
0101
0110
10 10 6
010101
101100
011101
010101
011100
111100
011101
010101
010111
010101
011101
101100
000101
110101
011100
010111
111100
010100
010001
010101
10 3 7
1001001
1010100
0000000
0010101
0101111
1010111
0111011
0000010
1001111
1011111
0101011
1100101
0011010
1 1 10
1111111111
1111111111
10 10 4
0000
0111
0001
0000
0000
0110
0101
0110
0101
1101
1101
0100
0110
0001
0111
1111
0000
1000
0010
0101
2 10 9
111010110
110110000
111011010
010010101
100011010
011110001
010010000
110110010
000010111
000010010
110010011
110001101
10 10 6
000111
010111
001111
010111
000011
011110
001111
000110
000111
001110
110111
100111
000110
001111
011110
000101
000111
000011
001110
010111
10 10 10
1100001110
0000110100
1010111000
1101111001
0110010111
0111011001
1011000110
0011001111
1000010100
0000001001
1110110101
0100110010
0111111101
0001011011
0000011010
1100011101
1101010001
0101010101
0011001101
1001110010
10 10 4
0100
1010
0001
1001
0001
1111
1101
0100
0100
1001
1010
1111
1001
0110
0000
0100
0001
0101
1100
1101
4 10 10
1101010111
0010101011
1001101011
1000101100
1010100000
1110001010
1001010111
1100100110
1001011011
1011011000
1001100010
1100000100
1011010101
0010001001
1 10 10
1000000000
0010010111
0011101000
1111101101
1100011000
1000000000
0010110110
1111000101
0110100010
1010110101
0010101100
10 10 9
000101000
101101111
111010000
001010100
010011001
100000111
110000001
011100000
010101011
001010110
010011001
110000001
100000111
001010110
011100000
101101111
000101000
001010100
111010000
010101011
10 10 10
0000001011
1100001111
0101111110
1111100100
0110110000
1001001111
0101100111
1111000101
1110000100
1001000100
1001001111
0101111110
1110000100
0101100111
0000001011
1111100100
1001000100
1111000101
0110110000
1100001111
10 10 4
1001
1101
0101
0110
1111
1110
1011
0001
1100
0100
1100
1101
0100
1110
0110
1001
1011
1111
0101
0001
10 10 5
01100
00011
01111
11011
10100
10101
01100
01100
00001
00100
10101
00100
00001
01000
11011
00011
01111
10100
01100
11100
10 10 8
00011101
11010111
11001100
11011111
11001111
11000111
11001110
00010101
00111101
10011101
11001110
11001100
00010101
11011111
11000111
00111101
11001111
00011101
10011101
11010111
10 10 4
0010
1111
0011
0011
0000
0000
1000
0011
1110
0111
1010
0000
0010
1000
1111
0111
1011
1110
0110
0011
10 10 7
1111101
0110101
0111101
0111101
0010011
0010011
0110101
0110101
0010101
0110011
1110101
0110101
1101101
1011101
0010101
1111101
0110011
1111001
0111101
0010011
10 10 5
11100
11100
11100
11100
11100
11100
11100
11100
11100
11100
10100
11100
01100
01110
00100
11101
11000
01101
01000
11110
10 10 10
1101101010
0101011000
0000110111
0110101000
0101111010
1111100001
1101100100
1011110100
1001111100
0011100000
1011111101
0001000001
0000101001
0001111000
0010101100
1011101111
0111110010
1000111010
1000001110
0000010000
10 10 10
1010010111
0101101001
1100110110
0100001011
0001101100
1101000100
0101111100
1100011001
0010100001
0111010101
1010011101
1101001001
1101111110
1101011001
0010100101
1101101011
0011111000
0010010101
0011110111
0010011100
10 10 4
1110
0001
0101
1011
0100
0011
1111
0100
1100
0111
1100
0011
0001
0111
1011
0100
0101
1111
0110
1110
10 10 7
1010011
1010010
0010011
1010110
1101011
1101111
0010110
0000111
1001110
0011000
0010011
1001110
1010010
1010110
1101011
1010011
1101111
0010110
0011000
0000111
1 10 10
0001011110
1110111110
0001011110
0001001101
0001101000
0010010100
0101001011
0011100101
1110110100
1001010010
0111000110
10 3 2
01
11
10
01
00
01
10
00
01
01
01
10
11
10 10 4
1011
1011
1011
1011
1011
1011
1011
1011
1011
1011
1011
1110
1010
0010
1111
1101
0011
0111
1001
0001
10 10 10
0111110001
1011011101
1110100000
1101101010
1010000011
0101010110
1000101000
0101011011
1001001100
1011111010
1000101000
0111110001
1011111010
0101010110
1101101010
1001001100
0101011011
1011011101
1110100000
1010000011
10 10 4
0010
1101
0010
1101
0010
0010
1101
0010
0010
0010
1010
0010
1001
1101
0011
0101
0110
1111
1100
0000
1 10 10
1111001010
0011001100
1010111001
1111001010
1000001100
0101000001
1110101110
1110110101
1100111101
1000010110
1101010110
10 10 5
00110
00011
10010
11010
10001
11010
11011
10001
01000
01001
11011
11010
10001
10010
10110
00110
01001
01000
00011
01110
